>Matrix1
0.230898 0.0641726 0.077425 0.00701934 0.00494621 0.0197043 0.0213684 0.0190286 0.209944 0.438854 
0.032095 0.0828111 0.0448857 0.518792 0.330383 0.674544 0.098859 0.286179 0.406307 0.213015 
0.713714 0.781797 0.162226 0.101367 0.278702 0.00153288 0.0617344 0.0404339 0.167947 0.0736017 
0.0232928 0.0712196 0.715463 0.372821 0.385969 0.304219 0.818038 0.654358 0.215803 0.274528 

>Matrix2
0.0178345 0.102793 0.00627209 0.0745965 0.173377 0.0145401 0.202716 0.0329803 0.591679 
0.643505 0.44846 0.335621 0.512385 0.319351 0.139736 0.45243 0.469941 0.14252 
0.0525016 0.00302843 0.00486601 0.0925533 0.00537974 0.0198265 0.0633947 0.210968 0.00349987 
0.286159 0.445718 0.65324 0.320465 0.501892 0.825898 0.281459 0.286111 0.262301 

>Matrix3
0.145307 0.261967 0.0668512 0.394995 0.355483 0.0656995 0.445843 0.317374 0.202149 0.569701 0.175295 0.352066 
0.207044 2.67483e-05 0.460839 0.408223 0.183462 0.746712 0.00189289 0.010094 0.518607 0.28956 0.178861 0.0157716 
0.366711 0.576521 0.403395 0.0962778 0.210368 0.0331015 0.295165 0.626386 0.269334 0.140638 0.305736 0.248465 
0.280939 0.161485 0.0689156 0.100505 0.250687 0.154487 0.257099 0.0461463 0.00990912 0.000101271 0.340107 0.383697 

>Matrix4
0.34395 9.63913e-05 0.0313441 0.916641 0.0593595 0.0296114 0.142401 0.0708156 0.377638 0.070497 0.692476 0.0344949 0.107887 0.143133 0.193086 0.0161574 0.190923 0.0957894 0.00345057 0.0199608 
0.516613 0.168146 0.223409 0.0436178 0.0214718 0.161122 0.278459 0.431195 0.597535 0.0892062 0.291652 0.153993 0.56981 0.0304894 0.0793614 2.8639e-05 0.64248 0.228907 0.595107 0.0270328 
0.115376 0.222568 0.696993 0.0381262 0.141238 0.0698385 0.562586 0.299815 0.0017773 0.00282182 0.0143639 0.158906 0.0714293 0.313917 0.72509 0.97523 0.001792 0.525291 0.401318 0.160451 
0.0240615 0.60919 0.048254 0.00161464 0.777931 0.739428 0.0165539 0.198174 0.0230488 0.837475 0.00150861 0.652606 0.250874 0.512461 0.00246256 0.0085843 0.164805 0.150013 0.000124747 0.792555 

>Matrix5
0.00168355 0.262755 0.39678 0.0210856 0.0221996 0.347618 0.965333 0.0614396 0.0552958 
0.349568 0.221292 0.248182 0.236537 0.000338761 0.216687 0.00197795 0.867025 0.725144 
0.372725 0.331724 0.0335439 0.332315 0.407341 0.222296 0.00605784 2.29101e-10 0.121301 
0.276024 0.184229 0.321494 0.410063 0.570121 0.213399 0.0266316 0.071535 0.0982589 

