>Matrix1
0.0162563 0.0279517 0.00134067 0.00487005 0.0926738 0.10443 0.19391 0.190811 0.00655655 0.0675176 
0.383565 0.349615 0.301114 0.500016 0.737073 0.37333 0.444771 0.425882 0.480478 0.502255 
0.125921 0.275789 0.220275 0.0174556 0.0302455 0.168937 0.00604938 0.000578608 0.0121688 0.00779953 
0.474258 0.346644 0.47727 0.477658 0.140008 0.353304 0.355269 0.382728 0.500797 0.422428 

>Matrix2
0.00329551 0.00993358 0.0690503 0.00145771 0.0311027 0.0275248 0.00138616 0.0284304 0.00421937 0.309125 0.00101817 0.00562043 0.0533391 0.150295 
0.486128 0.787696 0.359846 0.431231 0.313241 0.326586 0.475249 0.528066 0.406901 0.55577 0.383942 0.58758 0.319451 0.347167 
0.447647 0.0837702 4.4398e-05 0.0753906 0.305914 0.344148 0.496112 0.442659 0.0797758 0.0296208 0.000633451 0.00588324 0.29774 0.43452 
0.0629291 0.1186 0.571059 0.491921 0.349743 0.301741 0.0272538 0.00084451 0.509104 0.105485 0.614406 0.400916 0.32947 0.0680187 

>Matrix3
0.0147727 0.144615 0.000741865 3.7872e-05 0.0416036 0.012296 0.0250887 0.000155632 0.018698 0.00243126 0.00620495 0.072418 0.0414486 0.0626456 
0.930599 0.500868 0.425051 0.607055 0.538553 0.370607 0.489761 0.298532 0.508945 0.264831 0.572429 0.900991 0.939414 0.239472 
0.0421209 0.0817323 0.566733 0.00144063 0.0163965 0.319265 0.453348 0.437405 0.00866298 0.499448 0.000264527 0.0265883 0.0184856 0.391118 
0.0125069 0.272785 0.00747446 0.391466 0.403447 0.297832 0.0318025 0.263908 0.463694 0.23329 0.421102 3.178e-06 0.000651529 0.306765 

>Matrix4
0.00169012 0.02449 0.0399175 0.0113485 0.00234522 1.80605e-05 0.00137496 0.0594993 0.00310559 0.0265615 0.0264268 0.00229277 0.121834 0.167652 
0.40811 0.464895 0.725419 0.414471 0.397118 0.42995 0.417031 0.334041 0.235064 0.328939 0.255659 0.307468 0.428263 0.266564 
0.377639 0.136529 0.0779943 0.174926 0.35432 0.106132 0.371138 0.0078339 0.465698 0.359305 0.425907 0.401243 0.405083 0.110084 
0.212561 0.374086 0.156669 0.399254 0.246217 0.4639 0.210456 0.598626 0.296133 0.285195 0.292007 0.288996 0.0448201 0.4557 

>Matrix5
0.00403395 0.145455 0.00357179 0.000124776 0.00701158 0.00187825 0.213482 0.00730582 0.17949 
0.46073 0.564918 0.587735 0.782346 0.492172 0.490491 0.493587 0.523818 0.770885 
0.111089 0.00613537 0.000692565 0.199885 0.00484346 0.0343135 0.114983 0.00709968 0.0289147 
0.424147 0.283493 0.408001 0.0176444 0.495973 0.473317 0.177948 0.461777 0.0207104 

