>Matrix1
0.0177512 0.317664 0.241231 0.00346602 0.582081 0.0973839 0.115599 0.0786197 0.768808 0.309971 0.459957 0.181949 
0.0852875 0.264723 0.296249 0.0695773 0.281454 0.202226 0.0956291 0.700911 0.0678033 0.326098 0.204407 0.0695549 
0.0872628 0.220495 0.060706 0.682101 0.0340835 0.36606 0.534876 0.104843 0.152618 0.044546 0.233194 0.0658842 
0.809698 0.197118 0.401813 0.244856 0.102382 0.33433 0.253896 0.115626 0.0107699 0.319385 0.102442 0.682611 

>Matrix2
0.13876 0.256788 0.386146 0.221972 0.225873 0.524657 0.0340444 0.353371 0.33931 
0.265336 0.212041 0.00679701 0.119009 0.123764 0.155522 0.292456 0.0725776 0.0688174 
0.311748 0.483919 0.237487 0.509517 0.280586 0.298519 0.208181 0.0527994 0.291968 
0.284156 0.047252 0.36957 0.149502 0.369776 0.0213021 0.465319 0.521252 0.299904 

>Matrix3
0.79939 0.000107237 0.945606 0.280911 0.0372115 
0.0927811 0.00288016 0.00804468 0.231874 0.0607926 
0.0870527 0.474247 0.00423869 0.366172 0.153442 
0.0207764 0.522766 0.0421111 0.121044 0.748554 

>Matrix4
0.0562047 0.341153 0.021186 0.145833 0.499851 0.178953 0.137117 0.206208 0.284147 0.0607246 0.0523763 0.879871 0.264392 0.149837 0.0476051 0.004814 2.91227e-05 0.00674434 0.0137571 0.189893 0.737661 0.360762 
0.658509 0.187574 0.0986278 0.415823 0.354108 0.0103944 0.256884 0.517848 0.379839 0.121691 0.0345706 0.0712462 0.207667 0.386478 0.0773349 0.284441 0.651115 0.000888095 0.706691 0.53919 0.0206071 0.0517937 
0.283161 0.0987576 0.283054 0.00565692 0.0497678 0.20891 0.584533 0.20371 0.310779 0.125844 0.0136664 0.0468809 0.33741 0.191964 0.545714 0.135102 0.200713 0.434315 0.0653923 0.0358121 0.185601 0.194268 
0.00212483 0.372515 0.597132 0.432687 0.0962734 0.601742 0.0214657 0.0722336 0.0252347 0.691741 0.899387 0.00200171 0.190531 0.271721 0.329346 0.575642 0.148143 0.558052 0.21416 0.235105 0.0561307 0.393176 

>Matrix5
0.0157464 0.107496 0.012512 0.000338532 0.333136 0.0653768 0.303686 0.427487 0.524606 
0.0369684 0.000594763 0.413162 0.272027 0.437939 0.40679 0.13583 0.398638 0.222102 
0.143789 0.248543 0.0792429 0.384754 0.203869 0.00300635 0.0722742 0.146757 0.0991964 
0.803497 0.643367 0.495083 0.34288 0.0250564 0.524826 0.48821 0.0271176 0.154096 

