# Popular thresholds are:
#                21,30  24,30  27,30  29,30  30,30  35,50  40,50  45,50  48,50  49,50
#                 =70%   =80%   =90%   =96%  =100%   =70%   =80%   =90%   =96%   =98%    

##################################hg19
#hg19 mm10                             29,30  30,30                45,50  48,50  49,50
hg19 xenTro3     21,30  24,30  27,30  29,30  30,30  35,50  40,50  45,50  48,50  49,50
hg19 tetNig2     21,30  24,30  27,30  29,30  30,30  35,50  40,50  45,50  48,50  49,50
hg19 canFam3                                 30,30                45,50  48,50  49,50
hg19 galGal4            24,30  27,30  29,30  30,30  35,50  40,50  45,50  48,50  49,50
hg19 danRer7     21,30  24,30  27,30  29,30  30,30  35,50  40,50  45,50  48,50  49,50
hg19 fr2         21,30  24,30  27,30  29,30  30,30  35,50  40,50  45,50  48,50  49,50
hg19 anoCar2     21,30  24,30  27,30  29,30  30,30  35,50  40,50  45,50  48,50  49,50

################################### mm10
#mm10 hg19
#mm10 galGal4    
#mm10 galGal3     21,30  24,30  27,30  29,30  30,30  35,50  40,50  45,50  48,50  49,50 50,50
#mm10 danRer5      21,30  24,30  27,30  29,30  30,30  35,50  40,50  45,50  48,50  49,50 50,50


#################################ce4
#ce4 cb3                24,30  27,30  29,30  30,30  35,50  40,50  45,50  48,50  49,50
#ce4 caePb1              24,30  27,30  29,30  30,30  35,50  40,50  45,50  48,50  49,50
#ce4 caeRem2             24,30  27,30  29,30  30,30  35,50  40,50  45,50  48,50  49,50
#ce4 priPac1             24,30  27,30  29,30  30,30  35,50  40,50  45,50  48,50  49,50


##################################hg18
#hg18 mm8                             29,30  30,30                45,50  48,50  49,50
#hg18 mm9                              29,30  30,30                45,50  48,50  49,50
#hg18 monDom4                          29,30  30,30                45,50  48,50  49,50
#hg18 ornAna1                          29,30  30,30                45,50  48,50  49,50
#hg18 galGal3            24,30  27,30  29,30  30,30  35,50  40,50  45,50  48,50  49,50
#hg18 xenTro2     21,30  24,30  27,30  29,30  30,30  35,50  40,50  45,50  48,50  49,50
#hg18 danRer4     21,30  24,30  27,30  29,30  30,30  35,50  40,50  45,50  48,50  49,50
#hg18 danRer5     21,30  24,30  27,30  29,30  30,30  35,50  40,50  45,50  48,50  49,50
#hg18 tetNig1     21,30  24,30  27,30  29,30  30,30  35,50  40,50  45,50  48,50  49,50
#hg18 fr2         21,30  24,30  27,30  29,30  30,30  35,50  40,50  45,50  48,50  49,50
#hg18 gasAcu1     21,30  24,30  27,30  29,30  30,30  35,50  40,50  45,50  48,50  49,50
#hg18 oryLat1     21,30  24,30  27,30  29,30  30,30  35,50  40,50  45,50  48,50  49,50

################################GmG10
#GmG10 gasAcu1	  21,30
#GmG10 gasAcu1     	24,30  27,30  29,30  30,30  35,50  40,50  45,50  48,50  49,50 50,50
#GmG10 tetNig2     21,30	24,30  27,30  29,30  30,30  35,50  40,50  45,50  48,50  49,50 50,50
#GmG10 fr2	  21,30  24,30  27,30  29,30  30,30  35,50  40,50  45,50  48,50  49,50 50,50
#GmG10 oryLat2     21,30  24,30  27,30  29,30  30,30  35,50  40,50  45,50  48,50  49,50 50,50
#GmG10 danRer6     21,30  24,30  27,30  29,30  30,30  35,50  40,50  45,50  48,50  49,50 50,50
#GmG10 hg19        21,30  24,30  27,30  29,30  30,30  35,50  40,50  45,50  48,50  49,50 50,50

################################GmG09
#GmG09 gasAcu1     21,30  24,30  27,30  29,30  30,30  35,50  40,50  45,50  48,50  49,50 50,50
#GmG09 tetNig2     21,30  24,30  27,30  29,30  30,30  35,50  40,50  45,50  48,50  49,50 50,50
#GmG09 fr2         21,30  24,30  27,30  29,30  30,30  35,50  40,50  45,50  48,50  49,50 50,50
#GmG09 oryLat2     21,30  24,30  27,30  29,30  30,30  35,50  40,50  45,50  48,50  49,50 50,50
#GmG09 danRer6     21,30  24,30  27,30  29,30  30,30  35,50  40,50  45,50  48,50  49,50 50,50
#GmG09 hg19        21,30  24,30  27,30  29,30  30,30  35,50  40,50  45,50  48,50  49,50 50,50

#mm8 galGal3             24,30  27,30  29,30  30,30  35,50  40,50  45,50  48,50  49,50
#mm8 xenTro2      21,30  24,30  27,30  29,30  30,30  35,50  40,50  45,50  48,50  49,50
#mm8 danRer4      21,30  24,30  27,30  29,30  30,30  35,50  40,50  45,50  48,50  49,50

#mm9 galGal3     21,30  24,30  27,30  29,30  30,30  35,50  40,50  45,50  48,50  49,50 50,50
#mm9 danRer5      21,30  24,30  27,30  29,30  30,30  35,50  40,50  45,50  48,50  49,50 50,50



################################## Zebrafish
#danRer6 tetNig2 21,30	24,30  27,30  29,30  30,30  35,50  40,50  45,50  48,50  49,50 50,50  
#danRer6 gasAcu1 21,30   24,30  27,30  29,30  30,30  35,50  40,50  45,50  48,50  49,50 50,50
#danRer6 hg19    21,30   24,30  27,30  29,30  30,30  35,50  40,50  45,50  48,50  49,50 50,50  
#danRer6 mm9     21,30   24,30  27,30  29,30  30,30  35,50  40,50  45,50  48,50  49,50 50,50  
#danRer6 xenTro2 21,30   24,30  27,30  29,30  30,30  35,50  40,50  45,50  48,50  49,50 50,50  
#danRer6 fr2	21,30   24,30  27,30  29,30  30,30  35,50  40,50  45,50  48,50  49,50 50,50
#danRer6 oryLat2 21,30   24,30  27,30  29,30  30,30  35,50  40,50  45,50  48,50  49,50 50,50  
#
#danRer7 tetNig2 21,30	24,30  27,30  29,30  30,30  35,50  40,50  45,50  48,50  49,50 50,50
#danRer7 gasAcu1 21,30	24,30  27,30  29,30  30,30  35,50  40,50  45,50  48,50  49,50 50,50
#danRer7 hg19    21,30   24,30  27,30  29,30  30,30  35,50  40,50  45,50  48,50  49,50 50,50
#danRer7 mm9     21,30   24,30  27,30  29,30  30,30  35,50  40,50  45,50  48,50  49,50 50,50
#danRer7 xenTro2 21,30   24,30  27,30  29,30  30,30  35,50  40,50  45,50  48,50  49,50 50,50 
#danRer7 fr2     21,30	24,30  27,30  29,30  30,30  35,50  40,50  45,50  48,50  49,50 50,50
#danRer7 oryLat2 21,30	24,30  27,30  29,30  30,30  35,50  40,50  45,50  48,50  49,50 50,50 
#
#
#tetNig2 mm9	21,30   24,30  27,30  29,30  30,30 35,50   40,50  45,50  48,50  49,50 50,50
#tetNig2 fr2	21,30   24,30  27,30  29,30  30,30 35,50   40,50  45,50  48,50  49,50 50,50
#tetNig2 oryLat2	21,30   24,30  27,30  29,30  30,30 35,50   40,50  45,50  48,50  49,50 50,50
#tetNig2 hg19    21,30   24,30  27,30  29,30  30,30 35,50   40,50  45,50  48,50  49,50 50,50
#tetNig2 gasAcu1 21,30   24,30  27,30  29,30  30,30 35,50   40,50  45,50  48,50  49,50 50,50
#tetNig2 danRer7 21,30	24,30  27,30  29,30  30,30 35,50   40,50  45,50  48,50  49,50 50,50

#fr2 gasAcu1     21,30   24,30  27,30  29,30  30,30  35,50  40,50  45,50  48,50  49,50 50,50
#fr2 oryLat2     21,30   24,30  27,30  29,30  30,30  35,50  40,50  45,50  48,50  49,50 50,50
#fr2 danRer7	21,30	24,30  27,30  29,30  30,30  35,50  40,50  45,50  48,50  49,50 50,50
#fr2 hg19    	21,30   24,30  27,30  29,30  30,30  35,50  40,50  45,50  48,50  49,50 50,50
#fr2 mm9		21,30   24,30  27,30  29,30  30,30  35,50  40,50  45,50  48,50  49,50 50,50
#fr2 galGal3     21,30   24,30  27,30  29,30  30,30  35,50  40,50  45,50  48,50  49,50 50,50
#fr2 tetNig2     21,30   24,30  27,30  29,30  30,30  35,50  40,50  45,50  48,50  49,50 50,50

#gasAcu1 oryLat2  21,30   24,30  27,30  29,30  30,30  35,50  40,50  45,50  48,50  49,50 50,50
#gasAcu1 hg19     21,30   24,30  27,30  29,30  30,30  35,50  40,50  45,50  48,50  49,50 50,50
#gasAcu1 mm9      21,30   24,30  27,30  29,30  30,30  35,50  40,50  45,50  48,50  49,50 50,50
#gasAcu1 galGal3  21,30   24,30  27,30  29,30  30,30  35,50  40,50  45,50  48,50  49,50 50,50
#gasAcu1 anoCar1  21,30   24,30  27,30  29,30  30,30  35,50  40,50  45,50  48,50  49,50 50,50
#gasAcu1 tetNig2 21,30   24,30  27,30  29,30  30,30  35,50  40,50  45,50  48,50  49,50 50,50
#gasAcu1 fr2     21,30   24,30  27,30  29,30  30,30  35,50  40,50  45,50  48,50  49,50 50,50
#gasAcu1 danRer7  21,30   24,30  27,30  29,30  30,30  35,50  40,50  45,50  48,50  49,50 50,50
#
#oryLat2 hg19     21,30   24,30  27,30  29,30  30,30  35,50  40,50  45,50  48,50  49,50 50,50
#oryLat2 mm9      21,30   24,30  27,30  29,30  30,30  35,50  40,50  45,50  48,50  49,50 50,50
#oryLat2 petMar1  21,30   24,30  27,30  29,30  30,30  35,50  40,50  45,50  48,50  49,50 50,50
#oryLat2 danRer7  21,30   24,30  27,30  29,30  30,30  35,50  40,50  45,50  48,50  49,50 50,50
#oryLat2 tetNig2 21,30   24,30  27,30  29,30  30,30  35,50  40,50  45,50  48,50  49,50 50,50
#oryLat2 fr2     21,30   24,30  27,30  29,30  30,30  35,50  40,50  45,50  48,50  49,50 50,50
#oryLat2 gasAcu1 21,30   24,30  27,30  29,30  30,30  35,50  40,50  45,50  48,50  49,50 50,50

#petMar1 hg19     21,30   24,30  27,30  29,30  30,30  35,50  40,50  45,50  48,50  49,50 50,50
#petMar1 mm9      21,30   24,30  27,30  29,30  30,30  35,50  40,50  45,50  48,50  49,50 50,50
#petMar1 galGal3  21,30   24,30  27,30  29,30  30,30  35,50  40,50  45,50  48,50  49,50 50,50
#petMar1 braFlo1 21,30   24,30  27,30  29,30  30,30  35,50  40,50  45,50  48,50  49,50 50,50
#petMar1 oryLat2 21,30   24,30  27,30  29,30  30,30  35,50  40,50  45,50  48,50  49,50 50,50

####################################### Lizard
#anoCar1 hg19     21,30	 24,30  27,30  29,30  30,30  35,50  40,50  45,50  48,50	 49,50 50,50
#anoCar1 mm9      21,30   24,30  27,30  29,30  30,30  35,50  40,50  45,50  48,50  49,50 50,50
#anoCar1 ornAna1  21,30   24,30  27,30  29,30  30,30  35,50  40,50  45,50  48,50  49,50 50,50
#anoCar1 galGal3  21,30   24,30  27,30  29,30  30,30  35,50  40,50  45,50  48,50  49,50 50,50
#anoCar1 xenTro2  21,30   24,30  27,30  29,30  30,30  35,50  40,50  45,50  48,50  49,50 50,50
#anoCar1 gasAcu1 21,30   24,30  27,30  29,30  30,30  35,50  40,50  45,50  48,50  49,50 50,50

###################################### Chicken 
#galGal3 hg19     21,30   24,30  27,30  29,30  30,30  35,50  40,50  45,50  48,50  49,50 50,50
#galGal3 mm9      21,30   24,30  27,30  29,30  30,30  35,50  40,50  45,50  48,50  49,50 50,50
#galGal3 ponAbe2  21,30   24,30  27,30  29,30  30,30  35,50  40,50  45,50  48,50  49,50 50,50
#galGal3 rn4      21,30   24,30  27,30  29,30  30,30  35,50  40,50  45,50  48,50  49,50 50,50
#galGal3 equCab2  21,30   24,30  27,30  29,30  30,30  35,50  40,50  45,50  48,50  49,50 50,50
#galGal3 cavPor3  21,30   24,30  27,30  29,30  30,30  35,50  40,50  45,50  48,50  49,50 50,50
#galGal3 monDom5  21,30   24,30  27,30  29,30  30,30  35,50  40,50  45,50  48,50  49,50 50,50
#galGal3 ornAna1  21,30   24,30  27,30  29,30  30,30  35,50  40,50  45,50  48,50  49,50 50,50
#galGal3 xenTro2  21,30   24,30  27,30  29,30  30,30  35,50  40,50  45,50  48,50  49,50 50,50
#galGal3 fr2     21,30   24,30  27,30  29,30  30,30  35,50  40,50  45,50  48,50  49,50 50,50
#galGal3 petMar1 21,30   24,30  27,30  29,30  30,30  35,50  40,50  45,50  48,50  49,50 50,50
#galGal3 braFlo1  21,30   24,30  27,30  29,30  30,30  35,50  40,50  45,50  48,50  49,50 50,50

#################################### Frog
#xenTro2 hg19     21,30   24,30  27,30  29,30  30,30  35,50  40,50  45,50  48,50  49,50 50,50
#xenTro2 mm9      21,30   24,30  27,30  29,30  30,30  35,50  40,50  45,50  48,50  49,50 50,50
#xenTro2 rn4      21,30   24,30  27,30  29,30  30,30  35,50  40,50  45,50  48,50  49,50 50,50
#xenTro2 galGal3 21,30   24,30  27,30  29,30  30,30  35,50  40,50  45,50  48,50  49,50 50,50
#xenTro2 anoCar1 21,30   24,30  27,30  29,30  30,30  35,50  40,50  45,50  48,50  49,50 50,50
#xenTro2 danRer7  21,30   24,30  27,30  29,30  30,30  35,50  40,50  45,50  48,50  49,50 50,50

####################################### Opossum
#monDom5 hg19     21,30   24,30  27,30  29,30  30,30  35,50  40,50  45,50  48,50  49,50 50,50
#monDom5 mm9      21,30   24,30  27,30  29,30  30,30  35,50  40,50  45,50  48,50  49,50 50,50
#monDom5 rn4      21,30   24,30  27,30  29,30  30,30  35,50  40,50  45,50  48,50  49,50 50,50


#dm3 droAna3                           29,30  30,30                       48,50  49,50
#dm3 dp4                               29,30  30,30                       48,50  49,50
#dm3 droVir3                           29,30  30,30                       48,50  49,50
#dm3 droMoj3                           29,30  30,30                       48,50  49,50


###################################### Metagenome
#metaGe aBacter	21,30   24,30  27,30  29,30  30,30  35,50  40,50  45,50  48,50  49,50 50,50
#metaGe cBacter	21,30   24,30  27,30  29,30  30,30  35,50  40,50  45,50  48,50  49,50 50,50
#metaGe sDenitri	21,30   24,30  27,30  29,30  30,30  35,50  40,50  45,50  48,50  49,50 50,50
#metaGe sAutotro	21,30   24,30  27,30  29,30  30,30  35,50  40,50  45,50  48,50  49,50 50,50
#metaGe sSpirium	21,30   24,30  27,30  29,30  30,30  35,50  40,50  45,50  48,50  49,50 50,50
#metaGe sVum	21,30   24,30  27,30  29,30  30,30  35,50  40,50  45,50  48,50  49,50 50,50
#metaGe hBacter	21,30   24,30  27,30  29,30  30,30  35,50  40,50  45,50  48,50  49,50 50,50
#
#sVum sAutotro	21,30   24,30  27,30  29,30  30,30  35,50  40,50  45,50  48,50  49,50 50,50
#aBacter sAutotro	21,30   24,30  27,30  29,30  30,30  35,50  40,50  45,50  48,50  49,50 50,50
#sVum aBacter	21,30   24,30  27,30  29,30  30,30  35,50  40,50  45,50  48,50  49,50 50,50
#

