#:lav
d {
  "blastz tempfile1 tempfile2
     A    C    G    T
    91 -114  -31 -123
  -114  100 -125  -31
   -31 -125  100 -114
  -123  -31 -114   91
  O = 400, E = 30, K = 3000, L = 3000, M = 50"
}
#:lav
s {
  "tempfile1" 1 48682
  "tempfile2" 1 52997
}
h {
   ">Chromosome 7 99543496 to 99592177 pai1 human "
   ">Chromosome 5 135683497 to 135736493"
}
a {
  s 3856
  b 1546 3664
  e 1700 3837
  l 1546 3664 1605 3723 77
  l 1610 3724 1637 3751 57
  l 1638 3755 1672 3789 54
  l 1673 3806 1685 3818 69
  l 1686 3823 1700 3837 87
}
a {
  s 6456
  b 22763 32640
  e 23048 32978
  l 22763 32640 22795 32672 67
  l 22797 32673 22815 32691 84
  l 22816 32695 22818 32697 67
  l 22819 32703 22836 32720 61
  l 22837 32724 22845 32732 56
  l 22846 32734 22872 32760 48
  l 22873 32769 22914 32810 62
  l 22915 32831 22934 32850 60
  l 22935 32853 22964 32882 73
  l 22965 32895 23048 32978 63
}
a {
  s 6942
  b 22877 24129
  e 23088 24326
  l 22877 24129 22901 24153 68
  l 22907 24154 23007 24254 67
  l 23013 24255 23043 24285 61
  l 23047 24286 23071 24310 68
  l 23073 24311 23088 24326 63
}
a {
  s 5801
  b 22888 32782
  e 23084 32978
  l 22888 32782 23013 32907 53
  l 23014 32916 23066 32968 68
  l 23075 32969 23084 32978 80
}
a {
  s 5564
  b 22926 24145
  e 23097 24318
  l 22926 24145 23021 24240 64
  l 23022 24243 23030 24251 100
  l 23031 24253 23048 24270 72
  l 23050 24271 23097 24318 50
}
a {
  s 6160
  b 22934 24141
  e 23097 24304
  l 22934 24141 23003 24210 63
  l 23004 24213 23070 24279 64
  l 23073 24280 23097 24304 68
}
a {
  s 3933
  b 28316 32096
  e 28492 32232
  l 28316 32096 28324 32104 78
  l 28325 32107 28400 32182 70
  l 28431 32183 28445 32197 67
  l 28457 32198 28478 32219 77
  l 28480 32220 28492 32232 85
}
a {
  s 4135
  b 34846 28676
  e 34948 28773
  l 34846 28676 34904 28734 75
  l 34910 28735 34948 28773 62
}
a {
  s 5394
  b 37384 32660
  e 37627 32890
  l 37384 32660 37390 32666 100
  l 37392 32667 37397 32672 100
  l 37399 32673 37417 32691 74
  l 37421 32692 37426 32697 67
  l 37434 32698 37469 32733 53
  l 37472 32734 37591 32853 61
  l 37592 32855 37627 32890 61
}
a {
  s 7017
  b 44688 32623
  e 45009 32974
  l 44688 32623 44723 32658 58
  l 44724 32660 44730 32666 100
  l 44732 32667 44735 32670 75
  l 44737 32671 44757 32691 76
  l 44761 32692 44771 32702 45
  l 44772 32705 44787 32720 56
  l 44791 32721 44800 32730 60
  l 44810 32731 44848 32769 69
  l 44849 32782 44882 32815 71
  l 44883 32842 44888 32847 100
  l 44889 32850 44928 32889 73
  l 44929 32894 45009 32974 60
}
x {
  n 0
}
#:lav
s {
  "tempfile1" 1 48682
  "tempfile2-" 1 52997
}
h {
   ">Chromosome 7 99543496 to 99592177 pai1 human "
   ">Chromosome 5 135683497 to 135736493 (reverse complement)"
}
a {
  s 3853
  b 5698 49266
  e 5862 49415
  l 5698 49266 5762 49330 72
  l 5763 49340 5780 49357 56
  l 5788 49358 5800 49370 46
  l 5815 49371 5830 49386 88
  l 5834 49387 5862 49415 72
}
a {
  s 15298
  b 6459 5926
  e 7550 6920
  l 6459 5926 6572 6039 63
  l 6574 6040 6589 6055 88
  l 6591 6056 6617 6082 48
  l 6619 6083 6634 6098 75
  l 6635 6131 6654 6150 85
  l 6655 6155 6701 6201 70
  l 6702 6210 6727 6235 62
  l 6738 6236 6746 6244 78
  l 6749 6245 6778 6274 60
  l 6779 6276 6796 6293 56
  l 6799 6294 6816 6311 61
  l 6817 6324 6876 6383 60
  l 6877 6385 6931 6439 56
  l 6937 6440 6946 6449 90
  l 6948 6450 6959 6461 75
  l 6960 6465 6986 6491 63
  l 6987 6495 7002 6510 63
  l 7005 6511 7033 6539 69
  l 7053 6540 7063 6550 55
  l 7114 6551 7126 6563 62
  l 7132 6564 7136 6568 80
  l 7170 6569 7178 6577 89
  l 7180 6578 7191 6589 67
  l 7192 6592 7213 6613 73
  l 7215 6614 7219 6618 60
  l 7221 6619 7233 6631 77
  l 7235 6632 7298 6695 64
  l 7299 6704 7316 6721 72
  l 7317 6725 7390 6798 68
  l 7394 6799 7404 6809 73
  l 7425 6810 7450 6835 85
  l 7453 6836 7464 6847 75
  l 7469 6848 7476 6855 88
  l 7477 6860 7491 6874 73
  l 7500 6875 7521 6896 59
  l 7526 6897 7531 6902 100
  l 7533 6903 7550 6920 89
}
a {
  s 3456
  b 7960 8523
  e 8079 8630
  l 7960 8523 8001 8564 52
  l 8010 8565 8032 8587 52
  l 8037 8588 8079 8630 81
}
a {
  s 20688
  b 9810 9283
  e 10514 9925
  l 9810 9283 9833 9306 71
  l 9842 9307 9900 9365 73
  l 9902 9366 9951 9415 84
  l 9955 9416 9960 9421 83
  l 9961 9424 9998 9461 76
  l 9999 9466 10008 9475 100
  l 10011 9476 10016 9481 83
  l 10017 9486 10146 9615 72
  l 10147 9618 10211 9682 68
  l 10212 9684 10242 9714 77
  l 10243 9716 10255 9728 69
  l 10257 9729 10276 9748 60
  l 10297 9749 10309 9761 62
  l 10326 9762 10335 9771 60
  l 10344 9772 10391 9819 58
  l 10404 9820 10412 9828 67
  l 10414 9829 10453 9868 53
  l 10458 9869 10514 9925 65
}
a {
  s 4052
  b 13864 15142
  e 14032 15310
  l 13864 15142 13897 15175 68
  l 13898 15181 13942 15225 49
  l 13949 15226 13971 15248 70
  l 13972 15250 14032 15310 70
}
a {
  s 8455
  b 14558 16279
  e 14770 16493
  l 14558 16279 14582 16303 88
  l 14588 16304 14635 16351 79
  l 14636 16361 14650 16375 93
  l 14652 16376 14714 16438 70
  l 14715 16443 14741 16469 59
  l 14747 16470 14770 16493 67
}
a {
  s 4332
  b 14992 49263
  e 15103 49364
  l 14992 49263 15058 49329 69
  l 15069 49330 15103 49364 77
}
a {
  s 3620
  b 15708 49252
  e 15800 49331
  l 15708 49252 15721 49265 86
  l 15735 49266 15800 49331 76
}
a {
  s 3836
  b 17643 49117
  e 17937 49415
  l 17643 49117 17668 49142 58
  l 17672 49143 17704 49175 64
  l 17705 49180 17719 49194 73
  l 17720 49211 17751 49242 63
  l 17752 49246 17758 49252 57
  l 17759 49256 17773 49270 60
  l 17778 49271 17837 49330 73
  l 17838 49340 17855 49357 44
  l 17856 49362 17865 49371 70
  l 17891 49372 17907 49388 88
  l 17911 49389 17937 49415 70
}
a {
  s 15305
  b 17799 20766
  e 18484 21329
  l 17799 20766 17810 20777 92
  l 17812 20778 17834 20800 87
  l 17863 20801 17877 20815 47
  l 17891 20816 17947 20872 75
  l 17995 20873 18049 20927 71
  l 18051 20928 18069 20946 63
  l 18070 20954 18093 20977 63
  l 18094 20980 18112 20998 79
  l 18139 20999 18147 21007 78
  l 18157 21008 18184 21035 82
  l 18195 21036 18284 21125 76
  l 18296 21126 18313 21143 78
  l 18316 21144 18333 21161 56
  l 18334 21167 18337 21170 100
  l 18338 21177 18362 21201 80
  l 18363 21207 18399 21243 68
  l 18400 21245 18484 21329 60
}
a {
  s 10856
  b 21828 27113
  e 22237 27555
  l 21828 27113 21860 27145 58
  l 21863 27146 21915 27198 49
  l 21916 27200 21931 27215 75
  l 21932 27225 21938 27231 71
  l 21939 27247 21972 27280 59
  l 21975 27281 21993 27299 68
  l 21995 27300 22021 27326 67
  l 22022 27334 22042 27354 52
  l 22045 27355 22135 27445 77
  l 22136 27447 22227 27538 70
  l 22228 27546 22237 27555 90
}
a {
  s 9074
  b 22746 34609
  e 23055 34876
  l 22746 34609 22755 34618 100
  l 22756 34625 22787 34656 56
  l 22789 34657 22816 34684 64
  l 22819 34685 22827 34693 56
  l 22839 34694 22844 34699 83
  l 22848 34700 22859 34711 75
  l 22873 34712 22914 34753 76
  l 22923 34754 22937 34768 93
  l 22948 34769 23055 34876 69
}
a {
  s 3535
  b 22754 49269
  e 22815 49330
  l 22754 49269 22815 49330 76
}
a {
  s 5487
  b 22870 14372
  e 22978 14480
  l 22870 14372 22978 14480 69
}
a {
  s 5835
  b 22887 34728
  e 23051 34876
  l 22887 34728 22915 34756 79
  l 22924 34757 22946 34779 78
  l 22955 34780 23051 34876 58
}
a {
  s 7282
  b 22887 34732
  e 23027 34873
  l 22887 34732 22996 34841 73
  l 22997 34843 23027 34873 68
}
a {
  s 6518
  b 22888 34743
  e 23018 34876
  l 22888 34743 22914 34769 96
  l 22917 34770 22973 34826 72
  l 22974 34829 23002 34857 62
  l 23003 34861 23018 34876 75
}
a {
  s 6847
  b 22888 34737
  e 23026 34876
  l 22888 34737 23017 34866 69
  l 23018 34868 23026 34876 78
}
a {
  s 6775
  b 22888 34731
  e 23042 34876
  l 22888 34731 22915 34758 86
  l 22924 34759 22991 34826 72
  l 22992 34829 23006 34843 73
  l 23010 34844 23042 34876 64
}
a {
  s 5864
  b 22890 34727
  e 23053 34872
  l 22890 34727 22906 34743 88
  l 22925 34744 23053 34872 61
}
a {
  s 7192
  b 22909 34726
  e 23059 34876
  l 22909 34726 22997 34814 76
  l 22999 34815 23050 34866 56
  l 23051 34868 23059 34876 100
}
a {
  s 5214
  b 22912 34727
  e 23062 34876
  l 22912 34727 22998 34813 70
  l 23000 34814 23062 34876 41
}
a {
  s 7381
  b 22913 34726
  e 23153 34996
  l 22913 34726 23090 34903 63
  l 23091 34919 23097 34925 71
  l 23098 34928 23111 34941 64
  l 23112 34956 23130 34974 63
  l 23132 34975 23153 34996 82
}
a {
  s 7075
  b 22917 34726
  e 23072 34879
  l 22917 34726 22950 34759 85
  l 22953 34760 23072 34879 62
}
a {
  s 5961
  b 22918 34729
  e 23059 34871
  l 22918 34729 22950 34761 70
  l 22953 34762 22985 34794 85
  l 22986 34797 23037 34848 60
  l 23038 34850 23059 34871 68
}
a {
  s 6018
  b 22924 34729
  e 23036 34841
  l 22924 34729 22980 34785 84
  l 22983 34786 23020 34823 68
  l 23021 34826 23036 34841 63
}
a {
  s 5302
  b 22925 34726
  e 23025 34824
  l 22925 34726 22959 34760 89
  l 22960 34763 22978 34781 84
  l 22983 34782 23025 34824 63
}
a {
  s 7056
  b 22929 34726
  e 23075 34880
  l 22929 34726 23030 34827 74
  l 23031 34834 23054 34857 63
  l 23055 34859 23062 34866 88
  l 23063 34868 23075 34880 77
}
a {
  s 6982
  b 22934 34727
  e 23080 34876
  l 22934 34727 22969 34762 97
  l 22972 34763 23031 34822 70
  l 23032 34829 23052 34849 67
  l 23055 34850 23062 34857 88
  l 23063 34859 23080 34876 67
}
a {
  s 7457
  b 22937 34726
  e 23094 34883
  l 22937 34726 22976 34765 90
  l 22983 34766 23041 34824 75
  l 23042 34828 23080 34866 56
  l 23081 34870 23094 34883 79
}
a {
  s 6138
  b 22941 34726
  e 23069 34853
  l 22941 34726 22977 34762 86
  l 22984 34763 23045 34824 73
  l 23046 34830 23069 34853 50
}
a {
  s 3495
  b 22944 34771
  e 23054 34876
  l 22944 34771 22948 34775 80
  l 22953 34776 22967 34790 100
  l 22969 34791 23054 34876 53
}
a {
  s 6000
  b 22953 34726
  e 23069 34850
  l 22953 34726 23051 34824 71
  l 23052 34832 23061 34841 90
  l 23062 34843 23069 34850 75
}
a {
  s 3780
  b 23464 49161
  e 23723 49416
  l 23464 49161 23478 49175 93
  l 23479 49180 23491 49192 69
  l 23492 49209 23527 49244 53
  l 23528 49250 23543 49265 75
  l 23556 49266 23621 49331 70
  l 23638 49332 23673 49367 44
  l 23674 49372 23688 49386 93
  l 23692 49387 23711 49406 55
  l 23714 49407 23723 49416 100
}
a {
  s 5414
  b 23747 28425
  e 24022 28679
  l 23747 28425 23807 28485 74
  l 23813 28486 23820 28493 75
  l 23821 28499 23856 28534 67
  l 23860 28535 23867 28542 75
  l 23868 28544 23887 28563 45
  l 23890 28564 23911 28585 55
  l 23922 28586 23935 28599 64
  l 23942 28600 24000 28658 63
  l 24002 28659 24022 28679 71
}
a {
  s 11664
  b 24122 29631
  e 24532 30020
  l 24122 29631 24159 29668 63
  l 24160 29670 24182 29692 65
  l 24183 29695 24191 29703 89
  l 24221 29704 24257 29740 84
  l 24258 29742 24300 29784 77
  l 24301 29794 24304 29797 75
  l 24305 29799 24319 29813 87
  l 24320 29823 24354 29857 74
  l 24356 29858 24376 29878 81
  l 24381 29879 24409 29907 69
  l 24410 29910 24420 29920 100
  l 24429 29921 24459 29951 58
  l 24465 29952 24493 29980 69
  l 24494 29983 24502 29991 78
  l 24504 29992 24532 30020 72
}
a {
  s 7386
  b 27991 34233
  e 28322 34544
  l 27991 34233 28000 34242 90
  l 28004 34243 28036 34275 48
  l 28044 34276 28209 34441 64
  l 28220 34442 28237 34459 56
  l 28239 34460 28251 34472 77
  l 28252 34474 28267 34489 81
  l 28271 34490 28301 34520 61
  l 28302 34524 28322 34544 52
}
a {
  s 3635
  b 31382 49266
  e 31546 49415
  l 31382 49266 31472 49356 62
  l 31473 49359 31484 49370 50
  l 31499 49371 31514 49386 88
  l 31518 49387 31546 49415 69
}
a {
  s 23586
  b 31530 37678
  e 32599 38977
  l 31530 37678 31561 37709 59
  l 31562 37713 31568 37719 100
  l 31575 37720 31590 37735 81
  l 31591 37737 31681 37827 78
  l 31682 37841 31724 37883 81
  l 31725 37897 31769 37941 78
  l 31770 37948 31807 37985 63
  l 31809 37986 31834 38011 88
  l 31835 38016 31884 38065 70
  l 31894 38066 31902 38074 100
  l 31906 38075 31925 38094 60
  l 31929 38095 31952 38118 50
  l 31954 38119 31966 38131 77
  l 31967 38155 31979 38167 77
  l 31980 38182 32009 38211 70
  l 32010 38213 32030 38233 76
  l 32031 38244 32049 38262 58
  l 32050 38277 32063 38290 64
  l 32064 38334 32074 38344 73
  l 32075 38361 32077 38363 100
  l 32078 38402 32120 38444 67
  l 32121 38458 32129 38466 67
  l 32130 38469 32140 38479 82
  l 32142 38480 32168 38506 89
  l 32171 38507 32179 38515 67
  l 32185 38516 32198 38529 86
  l 32199 38531 32243 38575 67
  l 32245 38576 32258 38589 79
  l 32259 38592 32299 38632 76
  l 32305 38633 32349 38677 76
  l 32350 38693 32381 38724 53
  l 32384 38725 32410 38751 56
  l 32411 38756 32415 38760 100
  l 32416 38764 32430 38778 87
  l 32431 38781 32442 38792 67
  l 32443 38798 32456 38811 93
  l 32459 38812 32477 38830 63
  l 32479 38831 32487 38839 78
  l 32488 38865 32510 38887 74
  l 32511 38889 32519 38897 89
  l 32520 38901 32523 38904 75
  l 32525 38905 32536 38916 58
  l 32540 38917 32564 38941 56
  l 32565 38944 32583 38962 74
  l 32585 38963 32599 38977 73
}
a {
  s 11972
  b 34313 39938
  e 35035 40701
  l 34313 39938 34332 39957 55
  l 34333 39959 34343 39969 100
  l 34344 39984 34377 40017 62
  l 34380 40018 34384 40022 100
  l 34385 40027 34423 40065 64
  l 34425 40066 34462 40103 55
  l 34466 40104 34504 40142 79
  l 34505 40155 34510 40160 100
  l 34511 40173 34520 40182 70
  l 34521 40189 34544 40212 46
  l 34548 40213 34563 40228 75
  l 34573 40229 34578 40234 100
  l 34580 40235 34600 40255 95
  l 34603 40256 34617 40270 73
  l 34618 40272 34687 40341 70
  l 34688 40343 34725 40380 68
  l 34726 40387 34739 40400 71
  l 34740 40408 34779 40447 63
  l 34780 40451 34798 40469 63
  l 34803 40470 34839 40506 59
  l 34840 40510 34849 40519 80
  l 34856 40520 34880 40544 48
  l 34881 40554 34901 40574 48
  l 34912 40575 34920 40583 78
  l 34921 40585 34948 40612 57
  l 34949 40624 34964 40639 63
  l 34973 40640 35011 40678 69
  l 35013 40679 35035 40701 74
}
a {
  s 4535
  b 34835 9980
  e 34962 10100
  l 34835 9980 34916 10061 72
  l 34924 10062 34962 10100 59
}
a {
  s 4590
  b 34841 44555
  e 34942 44651
  l 34841 44555 34904 44618 72
  l 34910 44619 34942 44651 73
}
a {
  s 4337
  b 34842 41219
  e 34983 41387
  l 34842 41219 34904 41281 75
  l 34905 41291 34912 41298 88
  l 34913 41314 34938 41339 77
  l 34939 41342 34968 41371 60
  l 34969 41373 34983 41387 60
}
a {
  s 4637
  b 34850 46205
  e 34987 46331
  l 34850 46205 34904 46259 82
  l 34910 46260 34970 46320 56
  l 34977 46321 34987 46331 82
}
a {
  s 3992
  b 34944 49252
  e 35136 49415
  l 34944 49252 34957 49265 79
  l 34970 49266 35035 49331 74
  l 35052 49332 35071 49351 45
  l 35072 49357 35100 49385 66
  l 35104 49386 35123 49405 65
  l 35127 49406 35136 49415 100
}
a {
  s 31731
  b 35938 41458
  e 37152 42610
  l 35938 41458 35959 41479 68
  l 35962 41480 35976 41494 80
  l 35977 41517 36045 41585 81
  l 36046 41589 36059 41602 93
  l 36061 41603 36078 41620 78
  l 36079 41623 36110 41654 75
  l 36111 41656 36124 41669 79
  l 36126 41670 36180 41724 71
  l 36181 41726 36229 41774 71
  l 36230 41776 36266 41812 62
  l 36267 41814 36275 41822 78
  l 36276 41827 36300 41851 60
  l 36305 41852 36309 41856 80
  l 36320 41857 36337 41874 72
  l 36352 41875 36364 41887 69
  l 36376 41888 36387 41899 58
  l 36400 41900 36418 41918 58
  l 36419 41922 36448 41951 57
  l 36455 41952 36474 41971 55
  l 36475 41975 36482 41982 63
  l 36483 41984 36496 41997 64
  l 36505 41998 36516 42009 75
  l 36519 42010 36552 42043 68
  l 36554 42044 36579 42069 85
  l 36606 42070 36644 42108 77
  l 36645 42121 36662 42138 72
  l 36665 42139 36755 42229 82
  l 36756 42231 36782 42257 78
  l 36783 42263 36804 42284 68
  l 36805 42288 36833 42316 69
  l 36834 42320 36852 42338 68
  l 36858 42339 36864 42345 71
  l 36871 42346 36896 42371 85
  l 36898 42372 36922 42396 84
  l 36928 42397 36941 42410 64
  l 36945 42411 36964 42430 60
  l 36970 42431 36974 42435 100
  l 36975 42437 36984 42446 80
  l 36987 42447 37122 42582 62
  l 37125 42583 37152 42610 64
}
a {
  s 40056
  b 37982 43132
  e 40387 45270
  l 37982 43132 38046 43196 63
  l 38047 43198 38323 43474 77
  l 38324 43477 38349 43502 62
  l 38350 43518 38380 43548 52
  l 38381 43556 38459 43634 63
  l 38464 43635 38480 43651 59
  l 38484 43652 38491 43659 50
  l 38498 43660 38520 43682 61
  l 38524 43683 38549 43708 42
  l 38550 43712 38561 43723 75
  l 38562 43725 38568 43731 86
  l 38569 43737 38593 43761 48
  l 38601 43762 38621 43782 43
  l 38624 43783 38639 43798 44
  l 38641 43799 38672 43830 72
  l 38705 43831 38710 43836 100
  l 38733 43837 38761 43865 45
  l 38765 43866 38826 43927 42
  l 38828 43928 38847 43947 40
  l 38852 43948 38953 44049 52
  l 38956 44050 38964 44058 78
  l 38967 44059 38977 44069 73
  l 38985 44070 39005 44090 81
  l 39007 44091 39028 44112 73
  l 39036 44113 39068 44145 64
  l 39070 44146 39096 44172 52
  l 39117 44173 39119 44175 100
  l 39125 44176 39132 44183 63
  l 39137 44184 39148 44195 67
  l 39150 44196 39158 44204 78
  l 39165 44205 39176 44216 58
  l 39181 44217 39186 44222 100
  l 39188 44223 39198 44233 64
  l 39199 44235 39208 44244 80
  l 39213 44245 39217 44249 80
  l 39221 44250 39231 44260 73
  l 39235 44261 39242 44268 63
  l 39251 44269 39301 44319 51
  l 39302 44327 39323 44348 59
  l 39331 44349 39373 44391 53
  l 39374 44394 39435 44455 56
  l 39436 44474 39447 44485 75
  l 39448 44503 39479 44534 44
  l 39494 44535 39519 44560 54
  l 39520 44565 39545 44590 69
  l 39547 44591 39575 44619 69
  l 39576 44621 39583 44628 75
  l 39592 44629 39608 44645 59
  l 39610 44646 39624 44660 60
  l 39630 44661 39663 44694 62
  l 39698 44695 39704 44701 71
  l 39711 44702 39720 44711 80
  l 39736 44712 39738 44714 100
  l 39761 44715 39771 44725 73
  l 39787 44726 39818 44757 56
  l 39838 44758 39849 44769 58
  l 39864 44770 39873 44779 90
  l 39894 44780 39904 44790 82
  l 39911 44791 39972 44852 53
  l 39974 44853 39984 44863 64
  l 39985 44870 39995 44880 64
  l 39996 44883 39999 44886 100
  l 40003 44887 40061 44945 64
  l 40065 44946 40318 45199 81
  l 40320 45200 40351 45231 53
  l 40352 45235 40387 45270 78
}
a {
  s 21282
  b 41490 46550
  e 42069 47098
  l 41490 46550 41512 46572 70
  l 41521 46573 41744 46796 83
  l 41745 46799 41766 46820 55
  l 41784 46821 41839 46876 59
  l 41866 46877 41901 46912 69
  l 41902 46919 41918 46935 65
  l 41919 46944 41954 46979 53
  l 41958 46980 42012 47034 69
  l 42013 47039 42031 47057 47
  l 42032 47061 42069 47098 76
}
a {
  s 4141
  b 42142 49162
  e 42397 49415
  l 42142 49162 42172 49192 81
  l 42173 49209 42203 49239 58
  l 42204 49254 42215 49265 67
  l 42229 49266 42294 49331 71
  l 42297 49332 42307 49342 55
  l 42308 49345 42320 49357 46
  l 42328 49358 42340 49370 62
  l 42350 49371 42365 49386 81
  l 42369 49387 42397 49415 72
}
a {
  s 25223
  b 43155 47314
  e 43814 47966
  l 43155 47314 43183 47342 62
  l 43186 47343 43203 47360 61
  l 43208 47361 43227 47380 65
  l 43233 47381 43252 47400 75
  l 43255 47401 43290 47436 58
  l 43308 47437 43339 47468 78
  l 43342 47469 43561 47688 83
  l 43562 47693 43577 47708 56
  l 43580 47709 43657 47786 63
  l 43658 47789 43684 47815 89
  l 43685 47818 43710 47843 73
  l 43711 47847 43760 47896 66
  l 43761 47913 43814 47966 67
}
a {
  s 22604
  b 43811 48466
  e 45744 50399
  l 43811 48466 43836 48491 73
  l 43837 48493 43877 48533 59
  l 43882 48534 43948 48600 55
  l 43949 48603 43966 48620 61
  l 43990 48621 44005 48636 63
  l 44025 48637 44047 48659 74
  l 44048 48671 44102 48725 73
  l 44103 48729 44165 48791 71
  l 44168 48792 44180 48804 54
  l 44213 48805 44282 48874 76
  l 44295 48875 44319 48899 56
  l 44324 48900 44348 48924 72
  l 44350 48925 44362 48937 85
  l 44363 48940 44395 48972 58
  l 44398 48973 44481 49056 81
  l 44485 49057 44516 49088 78
  l 44519 49089 44527 49097 78
  l 44534 49098 44539 49103 83
  l 44553 49104 44560 49111 75
  l 44561 49116 44592 49147 44
  l 44594 49148 44606 49160 54
  l 44609 49161 44623 49175 80
  l 44624 49180 44636 49192 77
  l 44637 49209 44669 49241 58
  l 44673 49242 44690 49259 50
  l 44691 49264 44784 49357 57
  l 44785 49360 44797 49372 46
  l 44812 49373 44825 49386 86
  l 44829 49387 44855 49413 67
  l 45008 49414 45090 49496 48
  l 45103 49497 45120 49514 61
  l 45121 49520 45128 49527 75
  l 45135 49528 45258 49651 75
  l 45259 49744 45270 49755 75
  l 45271 49771 45290 49790 65
  l 45291 49802 45299 49810 67
  l 45300 49908 45316 49924 71
  l 45317 50010 45329 50022 54
  l 45330 50029 45347 50046 72
  l 45348 50048 45470 50170 77
  l 45480 50171 45491 50182 67
  l 45500 50183 45505 50188 100
  l 45519 50189 45541 50211 52
  l 45556 50212 45568 50224 69
  l 45570 50225 45596 50251 67
  l 45597 50253 45614 50270 72
  l 45615 50273 45627 50285 62
  l 45628 50287 45653 50312 65
  l 45657 50313 45723 50379 66
  l 45725 50380 45744 50399 70
}
a {
  s 6835
  b 44811 34696
  e 45001 34875
  l 44811 34696 44840 34725 70
  l 44865 34726 44892 34753 71
  l 44893 34755 44957 34819 80
  l 44958 34832 45001 34875 59
}
a {
  s 6328
  b 44832 14378
  e 44942 14487
  l 44832 14378 44837 14383 100
  l 44838 14385 44879 14426 86
  l 44882 14427 44942 14487 74
}
a {
  s 6380
  b 44854 34728
  e 44998 34876
  l 44854 34728 44953 34827 67
  l 44954 34832 44998 34876 60
}
a {
  s 5404
  b 44858 34728
  e 45006 34882
  l 44858 34728 44954 34824 67
  l 44955 34831 45006 34882 46
}
a {
  s 5241
  b 44863 34729
  e 44956 34822
  l 44863 34729 44956 34822 69
}
a {
  s 49200
  b 46599 50882
  e 48442 52649
  l 46599 50882 46747 51030 76
  l 46750 51031 46756 51037 71
  l 46763 51038 46780 51055 67
  l 46781 51058 46802 51079 55
  l 46803 51089 46809 51095 71
  l 46812 51096 46844 51128 48
  l 46847 51129 46876 51158 37
  l 46879 51159 46884 51164 83
  l 46894 51165 46905 51176 67
  l 46906 51178 46931 51203 69
  l 46933 51204 46940 51211 75
  l 46941 51219 46980 51258 83
  l 47017 51259 47020 51262 100
  l 47031 51263 47142 51374 80
  l 47147 51375 47175 51403 79
  l 47179 51404 47212 51437 71
  l 47213 51440 47239 51466 48
  l 47240 51470 47278 51508 56
  l 47283 51509 47304 51530 68
  l 47308 51531 47314 51537 57
  l 47335 51538 47353 51556 68
  l 47358 51557 47380 51579 43
  l 47384 51580 47387 51583 75
  l 47409 51584 47452 51627 68
  l 47454 51628 47463 51637 80
  l 47470 51638 47473 51641 100
  l 47476 51642 47493 51659 50
  l 47500 51660 47533 51693 71
  l 47534 51695 47580 51741 74
  l 47588 51742 47649 51803 68
  l 47651 51804 47661 51814 55
  l 47662 51816 47672 51826 73
  l 47684 51827 47693 51836 90
  l 47694 51846 47702 51854 78
  l 47712 51855 47767 51910 82
  l 47776 51911 47792 51927 59
  l 47793 51934 47827 51968 66
  l 47828 51973 47850 51995 78
  l 47852 51996 47866 52010 73
  l 47867 52029 47889 52051 83
  l 47894 52052 47945 52103 73
  l 47946 52105 47956 52115 91
  l 47957 52118 47972 52133 38
  l 47973 52135 48001 52163 76
  l 48003 52164 48007 52168 80
  l 48009 52169 48017 52177 67
  l 48020 52178 48041 52199 55
  l 48043 52200 48094 52251 71
  l 48095 52269 48118 52292 63
  l 48119 52305 48140 52326 50
  l 48141 52331 48152 52342 58
  l 48153 52350 48241 52438 64
  l 48242 52441 48365 52564 90
  l 48366 52569 48386 52589 86
  l 48388 52590 48407 52609 75
  l 48408 52614 48417 52623 90
  l 48418 52625 48442 52649 72
}
x {
  n 0
}
m {
  n 0
}
#:eof
